images/host-a012_cam2_1237329863817630006.jpeg	0.0, 0.49263427, 0.29104197, 0.71550953, 2	0.6227359, 0.5437136, 0.7513866, 0.67479634, 1	0.40722138, 0.48511308, 0.6388244, 0.60543674, 2	0.6463654, 0.4541596, 0.7232431, 0.6594867, 0 	0.25890005, 0.4961638, 0.36938366, 0.601905, 2	 0.7727642, 0.5600927, 0.9295415, 0.68096054, 1	 0.7947487, 0.4754576, 0.8678008, 0.66991013, 0	 0.32993597, 0.48791826, 0.39116293, 0.5306501, 2	 0.7309491, 0.124924056, 0.788745, 0.29327318, 9	 0.78426033, 0.5134438, 0.81197464, 0.5759431, 24	 0.15968703, 0.48181316, 0.23006855, 0.5122247, 2
images/host-a012_cam5_1237329863867533006.jpeg	0.5567409, 0.5520353, 0.6404852, 0.5957396, 2	0.33910897, 0.3053003, 0.3678148, 0.40399235, 9	0.2265983, 0.5386339, 0.4835579, 0.6385922, 2	0.64290583, 0.50807005, 0.8614625, 0.6185885, 7 	0.94097805, 0.5311948, 1.0, 0.60246, 2	 0.0, 0.53112537, 0.14538425, 0.6177493, 2	 0.0011360553, 0.61736935, 0.10740103, 0.97293115, 2	 0.14047948, 0.54331553, 0.21932521, 0.6019324, 2	 0.23168677, 0.5095061, 0.4254629, 0.60852337, 2
images/host-a012_cam0_1237329863851020006.jpeg	0.35877764, 0.5420083, 0.43013632, 0.6007353, 2	0.111422814, 0.53716433, 0.2078416, 0.60119015, 2	0.22680546, 0.5467049, 0.29061732, 0.58625025, 2	0.7158307, 0.52139354, 0.7523226, 0.6048634, 0 	0.48224434, 0.5326164, 0.5341829, 0.5869717, 2	0.32599556, 0.53791696, 0.3752149, 0.5811018, 2	 0.0002027131, 0.5164168, 0.020171165, 0.62106234, 2	 0.7176676, 0.5570128, 0.7523599, 0.61095786, 1	0.46460626, 0.53979576, 0.4810708, 0.5609666, 2	 0.27522957, 0.5435817, 0.32023337, 0.57736146, 2
images/host-a012_cam1_1237329863834261006.jpeg	0.85516673, 0.5129287, 1.0, 0.72689223, 2	0.8821707, 0.4763735, 0.90336853, 0.4946714, 2	0.79598236, 0.48107308, 0.8309115, 0.5022404, 2	0.84440297, 0.4786369, 0.8659899, 0.49824825, 2
images/host-a012_cam3_1237329863800913006.jpeg	0.6143502, 0.49975488, 0.71924186, 0.58256984, 2	0.46553808, 0.49405092, 0.55220467, 0.571042, 2	0.8204943, 0.49543, 0.88550436, 0.5395642, 2	0.8676983, 0.48378527, 0.9969785, 0.62215436, 2 	0.96032554, 0.55253863, 0.9977473, 0.7891768, 2	 0.0, 0.6251631, 1.0, 1.0, 2	 0.28999332, 0.5007967, 0.33687815, 0.53116524, 2	 0.7935648, 0.4039311, 0.80798143, 0.43567255, 9
images/host-a012_cam6_1237329863850881006.jpeg	0.34597698, 0.95200133, 0.41292572, 1.0, 2	0.40769467, 0.94215965, 0.45500475, 0.99988425, 2	0.17937984, 0.95418394, 0.2994458, 1.0, 2	0.43943423, 0.906545, 0.55157274, 1.0, 2 	0.5502891, 0.93686193, 0.5913457, 0.9987565, 2	 0.07532565, 0.97586894, 0.17826086, 0.9995462, 2
images/host-a012_cam4_1237329863884180006.jpeg	0.04847985, 0.4356853, 0.99679524, 0.92151827, 2	0.0008908235, 0.47851896, 0.17354369, 0.6103559, 2	0.21421781, 0.3539496, 0.23090197, 0.3943766, 9	0.7683807, 0.53831536, 0.9850675, 0.6253248, 2 	0.65525943, 0.525897, 0.786588, 0.5973701, 2	 0.00057109963, 0.49019894, 0.021037675, 0.53617215, 2
images/host-a004_cam2_1233421995217652006.jpeg	0.81426704, 0.30315354, 0.8582665, 0.35465834, 74
images/host-a004_cam0_1233421995251064006.jpeg	0.3122701, 0.3961544, 0.32674277, 0.42677397, 9	0.49092323, 0.39476115, 0.5032368, 0.42717677, 9	0.4125148, 0.542807, 0.46646577, 0.58547205, 2	0.41237783, 0.39512601, 0.42583996, 0.42631504, 9 	0.5115257, 0.5410672, 0.54024065, 0.56505924, 2	 0.7446328, 0.36255756, 0.7725964, 0.44010288, 9	 0.120763026, 0.5013849, 0.3669807, 0.70420825, 7	 0.38224956, 0.5510318, 0.41134465, 0.5774823, 2	 0.7445282, 0.46015552, 0.7735055, 0.49778795, 9	 0.7214346, 0.37490457, 0.74578893, 0.45618585, 9	 0.4943215, 0.54019654, 0.5130748, 0.5563126, 2	 0.9322514, 0.5200972, 0.9654038, 0.6243626, 0	 0.120763026, 0.5013849, 0.3669807, 0.70420825, 2
images/host-a004_cam4_1233421995284193006.jpeg	0.6809119, 0.4978306, 0.99796396, 0.70268834, 2	0.0, 0.46948734, 0.45457825, 0.79430413, 2	0.7475549, 0.12738393, 0.77990764, 0.21010344, 9
images/host-a004_cam6_1233421995250948006.jpeg	0.44280523, 0.25667354, 0.4720756, 0.42165136, 9	0.25772896, 0.24339086, 0.29336584, 0.4073876, 9	0.034378026, 0.26052526, 0.06294796, 0.42272362, 9	0.4490937, 0.9158745, 0.49165568, 0.97981715, 2	0.7991807, 0.5961209, 0.8306465, 0.7256993, 9	 0.3719321, 0.9304936, 0.44304672, 0.9996898, 2	 0.48971015, 0.9145783, 0.5555454, 1.0, 2	 0.2625953, 0.92707294, 0.36385062, 1.0, 2	 0.20323183, 0.9311698, 0.24115825, 0.97885996, 2	 0.7717648, 0.5914373, 0.816561, 0.7369969, 9	 0.975436, 0.20966887, 0.99981296, 0.5122976, 9
images/host-a004_cam1_1233421995234300006.jpeg	0.072186835, 0.51557076, 0.10397763, 0.6169391, 0